1409,3644,0
